params =  {'E': 2.909090909090909, 'nu': 0.45454545454545453, 'alpha': (0.5, 0.5), 'A': 2, 'c': (1.0, 1.0), 'K': (1.0, 1.0), 'S': ((0.0, 1.0), (1.0, 0.0))}
u_L2
[[3.148e-04 1.064e-04 8.892e-05 8.705e-05]
 [3.802e-04 7.480e-05 4.039e-05 3.604e-05]
 [3.958e-04 5.957e-05 1.737e-05 1.119e-05]
 [3.996e-04 5.559e-05 1.155e-05 4.231e-06]]
Diagonal rate =  [2.0733050754886788, 2.1066196078907651, 2.0371609312620387]

u_H1
[[1.974e-03 5.718e-04 4.592e-04 4.484e-04]
 [2.304e-03 4.194e-04 2.033e-04 1.780e-04]
 [2.392e-03 3.603e-04 9.520e-05 5.576e-05]
 [2.414e-03 3.463e-04 7.115e-05 2.307e-05]]
Diagonal rate =  [2.234684282649853, 2.1394275331814647, 2.0446977440993632]

p1_L2
[[3.345e-02 7.062e-03 4.766e-03 4.569e-03]
 [3.851e-02 6.165e-03 2.233e-03 1.788e-03]
 [3.988e-02 5.889e-03 1.329e-03 5.994e-04]
 [4.023e-02 5.834e-03 1.167e-03 3.175e-04]]
Diagonal rate =  [2.4399302506606872, 2.213850967984488, 2.0652518791619876]

p1_H1
[[1.966e-01 5.198e-02 3.989e-02 3.870e-02]
 [2.118e-01 3.589e-02 1.574e-02 1.340e-02]
 [2.151e-01 3.127e-02 7.668e-03 4.139e-03]
 [2.159e-01 3.023e-02 6.021e-03 1.827e-03]]
Diagonal rate =  [2.4534276196046827, 2.2267449267199844, 2.06908844639511]

p2_L2
[[3.345e-02 7.062e-03 4.766e-03 4.569e-03]
 [3.851e-02 6.165e-03 2.233e-03 1.788e-03]
 [3.988e-02 5.889e-03 1.329e-03 5.994e-04]
 [4.023e-02 5.834e-03 1.167e-03 3.175e-04]]
Diagonal rate =  [2.439930250660677, 2.2138509679843259, 2.065251879163374]

p2_H1
[[1.966e-01 5.198e-02 3.989e-02 3.870e-02]
 [2.118e-01 3.589e-02 1.574e-02 1.340e-02]
 [2.151e-01 3.127e-02 7.668e-03 4.139e-03]
 [2.159e-01 3.023e-02 6.021e-03 1.827e-03]]
Diagonal rate =  [2.4534276196046751, 2.2267449267198258, 2.0690884463970476]

Refinement in time (horizontal, columns), in space (vertical, rows)
Delta x
[0.3535533905932738, 0.1767766952966369, 0.08838834764831845, 0.04419417382415922]
Delta t
[0.25, 0.0625, 0.015625, 0.00390625]
